// Empty Sudoku
int grid[9][9] = {
        {0, 0, 0, 0, 0, 0, 0, 0, 0},
        {0, 0, 0, 0, 0, 0, 0, 0, 0},
        {0, 0, 0, 0, 0, 0, 0, 0, 0},
        {0, 0, 0, 0, 0, 0, 0, 0, 0},
        {0, 0, 0, 0, 0, 0, 0, 0, 0},
        {0, 0, 0, 0, 0, 0, 0, 0, 0},
        {0, 0, 0, 0, 0, 0, 0, 0, 0},
        {0, 0, 0, 0, 0, 0, 0, 0, 0},
        {0, 0, 0, 0, 0, 0, 0, 0, 0}
    };

// Easy Medium
int grid[9][9] = {
        {0, 2, 6, 0, 0, 1, 0, 0, 0},
        {3, 0, 0, 0, 0, 9, 2, 5, 7},
        {4, 9, 5, 0, 0, 0, 0, 1, 0},
        {0, 4, 0, 0, 5, 3, 1, 0, 0},
        {0, 6, 3, 2, 1, 0, 7, 4, 0},
        {0, 0, 1, 0, 9, 0, 0, 3, 0},
        {0, 8, 9, 0, 7, 0, 0, 0, 1},
        {6, 0, 0, 0, 8, 0, 4, 2, 9},
        {0, 0, 0, 9, 6, 0, 3, 0, 8}
    };

// 
int grid[9][9] = {
        {0, 4, 0, 2, 5, 7, 0, 0, 8},
        {0, 3, 1, 0, 0, 0, 0, 0, 6},
        {0, 0, 0, 0, 0, 3, 0, 0, 0},
        {9, 6, 2, 0, 0, 8, 0, 0, 0},
        {1, 0, 0, 4, 0, 9, 6, 3, 0},
        {0, 0, 0, 0, 6, 0, 0, 8, 0},
        {0, 9, 0, 0, 3, 2, 5, 7, 0},
        {2, 0, 8, 0, 0, 0, 0, 0, 0},
        {0, 5, 0, 0, 9, 6, 0, 0, 0}
    };

// Hard
int grid[9][9] = {
        {9, 0, 0, 0, 0, 0, 0, 3, 1},
        {0, 6, 1, 9, 3, 8, 0, 5, 4},
        {3, 5, 2, 4, 0, 6, 0, 8, 7},
        {0, 0, 5, 0, 7, 3, 4, 0, 0},
        {2, 0, 0, 0, 0, 0, 0, 6, 0},
        {0, 0, 0, 6, 0, 1, 5, 9, 0},
        {0, 7, 6, 0, 0, 0, 0, 4, 0},
        {4, 2, 0, 0, 6, 9, 0, 0, 0},
        {0, 0, 0, 7, 0, 0, 3, 0, 0}
    };

// Hard
int grid[9][9] = {
        {6, 0, 0, 0, 0, 0, 5, 0, 0},
        {0, 0, 0, 0, 5, 0, 6, 4, 9},
        {0, 0, 0, 0, 1, 3, 8, 0, 0},
        {0, 9, 6, 7, 0, 0, 0, 1, 8},
        {1, 5, 0, 8, 3, 0, 0, 0, 6},
        {0, 0, 0, 0, 0, 0, 7, 0, 3},
        {0, 0, 0, 0, 7, 0, 0, 6, 2},
        {0, 0, 0, 4, 0, 0, 1, 8, 5},
        {0, 2, 0, 5, 0, 0, 0, 0, 0}
    };

// Expert    
int grid[9][9] = {
        {0, 0, 0, 0, 4, 2, 7, 3, 0},
        {3, 0, 8, 0, 0, 0, 0, 2, 4},
        {4, 0, 0, 3, 6, 0, 0, 0, 0},
        {0, 0, 6, 0, 5, 0, 8, 4, 0},
        {9, 0, 0, 4, 0, 3, 5, 0, 1},
        {5, 0, 0, 0, 0, 0, 0, 7, 0},
        {0, 9, 5, 0, 0, 6, 0, 0, 0},
        {0, 0, 0, 2, 8, 4, 9, 5, 6},
        {0, 0, 0, 0, 0, 5, 0, 0, 0}
    };

// Master //
int grid[9][9] = {
        {0, 0, 9, 0, 0, 0, 5, 0, 0},
        {0, 0, 0, 0, 3, 0, 0, 9, 4},
        {3, 1, 6, 0, 4, 0, 0, 0, 0},
        {0, 0, 0, 0, 0, 0, 0, 0, 0},
        {0, 0, 7, 0, 9, 0, 2, 8, 0},
        {6, 0, 1, 0, 8, 4, 7, 0, 0},
        {0, 7, 0, 0, 0, 5, 0, 0, 6},
        {0, 2, 0, 7, 0, 0, 0, 0, 0},
        {1, 0, 5, 0, 0, 0, 0, 0, 0}
    };

// Master
int grid[9][9] = {
        {4, 3, 0, 6, 8, 0, 7, 0, 0},
        {0, 0, 6, 0, 0, 9, 0, 0, 0},
        {0, 0, 0, 0, 0, 5, 0, 0, 8},
        {0, 0, 0, 0, 0, 6, 0, 0, 0},
        {7, 0, 0, 0, 0, 0, 0, 1, 0},
        {0, 0, 4, 3, 2, 0, 0, 0, 9},
        {0, 0, 3, 8, 4, 0, 0, 0, 2},
        {0, 0, 0, 0, 5, 0, 0, 0, 0},
        {0, 2, 0, 0, 0, 0, 9, 0, 0}
    };

// Extreme
int grid[9][9] = {
        {0, 0, 8, 0, 0, 2, 0, 0, 4},
        {0, 0, 0, 0, 0, 0, 7, 6, 0},
        {0, 7, 0, 0, 0, 3, 0, 8, 0},
        {0, 0, 4, 0, 0, 5, 0, 0, 1},
        {0, 0, 0, 0, 0, 0, 0, 0, 0},
        {9, 0, 0, 0, 3, 0, 0, 0, 8},
        {0, 4, 0, 0, 9, 0, 1, 0, 6},
        {0, 0, 7, 0, 6, 0, 0, 0, 0},
        {0, 0, 5, 0, 1, 0, 0, 0, 3}
    };

// Extreme
int grid[9][9] = {
        {0, 0, 4, 6, 0, 0, 0, 0, 0},
        {0, 0, 5, 9, 0, 0, 0, 0, 3},
        {0, 1, 0, 2, 0, 0, 0, 9, 6},
        {0, 0, 7, 0, 8, 0, 0, 0, 1},
        {0, 0, 0, 0, 0, 0, 6, 4, 0},
        {0, 4, 0, 0, 3, 0, 7, 0, 0},
        {0, 0, 0, 0, 0, 0, 0, 0, 0},
        {0, 0, 1, 0, 5, 0, 0, 0, 9},
        {2, 0, 0, 3, 0, 0, 0, 0, 7}
    };